340967242919776
341202558155891
341807133627998
342141291154945
342346905726885
343005249740304
343006683790821
343339323080737
344086075326466
344323319936556
344486314073681
345697375038806
346127568765501
346521745513539
347364818500912
347443899666428
347746580081016
347986981091756
348210969967872
348501184175147
348514150784529
348897303360960
349225290555153
349330387421564
349758302931525
349829242441543
370819766242114
370854567164076
372179588544918
372380258568118
372674761785239
373001725109844
373077108638609
373333803830979
374453235162061
375027712787142
375343916630495
375716095876924
375952972256720
376212865703273
376435189330446
376717551671287
377142949980705
377874677130737
378363795486824
378571375474115
378592526290663
379024992864689
379410014542033
379629564515129
5102898865454659
5116823490185654
5125216215921520
5133231523975332
5134152411642710
5135428259437754
5139867236805995
5156729813087496
5161445917387731
5164493938643895
5166002374380397
5177734086307527
5198783290233768
5204015921335494
5221601486295329
5224304592514504
5229470123307513
5261736033736234
5262618501155361
5270964867844606
5280580761209056
5281901378698912
5287545530752978
5297663999334192
5317964540373622
5318742982054424
5324135005364635
5324590815031289
5359103821585997
5369852685662593
5379157813800570
5399519213311886
5418484217756254
5477336588427139
5479917405249752
